2021/03/12-21:47:15.551433 4a40 RocksDB version: 5.1.4
2021/03/12-21:47:15.551490 4a40 Git sha rocksdb_build_git_sha:@462c21dda61aed0d5cb12283e8f02b757a7effdf@
2021/03/12-21:47:15.551508 4a40 Compile date Apr  2 2017
2021/03/12-21:47:15.551531 4a40 DB SUMMARY
2021/03/12-21:47:15.551825 4a40 CURRENT file:  CURRENT
2021/03/12-21:47:15.551842 4a40 IDENTITY file:  IDENTITY
2021/03/12-21:47:15.551889 4a40 MANIFEST file:  MANIFEST-000021 size: 141 Bytes
2021/03/12-21:47:15.551905 4a40 SST files in ./rocksdb-data/ dir, Total Num: 2, files: 000018.sst 000020.sst 
2021/03/12-21:47:15.552108 4a40 Write Ahead Log file in ./rocksdb-data: 000022.log size: 100 ; 
2021/03/12-21:47:15.552125 4a40                         Options.error_if_exists: 0
2021/03/12-21:47:15.552145 4a40                       Options.create_if_missing: 1
2021/03/12-21:47:15.552299 4a40                         Options.paranoid_checks: 1
2021/03/12-21:47:15.552309 4a40                                     Options.env: 00000194C01D0B00
2021/03/12-21:47:15.552314 4a40                                Options.info_log: 00000194C039D220
2021/03/12-21:47:15.552319 4a40                          Options.max_open_files: -1
2021/03/12-21:47:15.552324 4a40                Options.max_file_opening_threads: 16
2021/03/12-21:47:15.552329 4a40                         Options.disableDataSync: 0
2021/03/12-21:47:15.552333 4a40                               Options.use_fsync: 0
2021/03/12-21:47:15.552338 4a40                       Options.max_log_file_size: 0
2021/03/12-21:47:15.552343 4a40                  Options.max_manifest_file_size: 18446744073709551615
2021/03/12-21:47:15.552348 4a40                   Options.log_file_time_to_roll: 0
2021/03/12-21:47:15.552352 4a40                       Options.keep_log_file_num: 1000
2021/03/12-21:47:15.552357 4a40                    Options.recycle_log_file_num: 0
2021/03/12-21:47:15.552361 4a40                         Options.allow_fallocate: 1
2021/03/12-21:47:15.552366 4a40                        Options.allow_mmap_reads: 0
2021/03/12-21:47:15.552371 4a40                       Options.allow_mmap_writes: 0
2021/03/12-21:47:15.552375 4a40                        Options.use_direct_reads: 0
2021/03/12-21:47:15.552380 4a40                        Options.use_direct_writes: 0
2021/03/12-21:47:15.552384 4a40          Options.create_missing_column_families: 0
2021/03/12-21:47:15.552389 4a40                              Options.db_log_dir: 
2021/03/12-21:47:15.552394 4a40                                 Options.wal_dir: ./rocksdb-data
2021/03/12-21:47:15.552398 4a40                Options.table_cache_numshardbits: 6
2021/03/12-21:47:15.552403 4a40                      Options.max_subcompactions: 1
2021/03/12-21:47:15.552408 4a40                  Options.max_background_flushes: 1
2021/03/12-21:47:15.552412 4a40                         Options.WAL_ttl_seconds: 0
2021/03/12-21:47:15.552417 4a40                       Options.WAL_size_limit_MB: 0
2021/03/12-21:47:15.552421 4a40             Options.manifest_preallocation_size: 4194304
2021/03/12-21:47:15.552426 4a40                     Options.is_fd_close_on_exec: 1
2021/03/12-21:47:15.552431 4a40                   Options.stats_dump_period_sec: 600
2021/03/12-21:47:15.552435 4a40                   Options.advise_random_on_open: 1
2021/03/12-21:47:15.552440 4a40                    Options.db_write_buffer_size: 0
2021/03/12-21:47:15.552445 4a40         Options.access_hint_on_compaction_start: 1
2021/03/12-21:47:15.552449 4a40  Options.new_table_reader_for_compaction_inputs: 0
2021/03/12-21:47:15.552454 4a40               Options.compaction_readahead_size: 0
2021/03/12-21:47:15.552458 4a40           Options.random_access_max_buffer_size: 1048576
2021/03/12-21:47:15.552463 4a40           Options.writable_file_max_buffer_size: 1048576
2021/03/12-21:47:15.552467 4a40                      Options.use_adaptive_mutex: 0
2021/03/12-21:47:15.552472 4a40                            Options.rate_limiter: 0000000000000000
2021/03/12-21:47:15.552477 4a40     Options.sst_file_manager.rate_bytes_per_sec: 0
2021/03/12-21:47:15.552481 4a40                          Options.bytes_per_sync: 0
2021/03/12-21:47:15.552512 4a40                      Options.wal_bytes_per_sync: 0
2021/03/12-21:47:15.552519 4a40                       Options.wal_recovery_mode: 2
2021/03/12-21:47:15.552525 4a40                  Options.enable_thread_tracking: 0
2021/03/12-21:47:15.552529 4a40         Options.allow_concurrent_memtable_write: 1
2021/03/12-21:47:15.552607 4a40      Options.enable_write_thread_adaptive_yield: 1
2021/03/12-21:47:15.552619 4a40             Options.write_thread_max_yield_usec: 100
2021/03/12-21:47:15.552628 4a40            Options.write_thread_slow_yield_usec: 3
2021/03/12-21:47:15.552639 4a40                               Options.row_cache: None
2021/03/12-21:47:15.552654 4a40                              Options.wal_filter: None
2021/03/12-21:47:15.552659 4a40             Options.avoid_flush_during_recovery: 0
2021/03/12-21:47:15.552664 4a40             Options.base_background_compactions: 1
2021/03/12-21:47:15.552669 4a40             Options.max_background_compactions: 1
2021/03/12-21:47:15.552673 4a40             Options.avoid_flush_during_shutdown: 0
2021/03/12-21:47:15.552677 4a40             Options.delayed_write_rate : 2097152
2021/03/12-21:47:15.552682 4a40             Options.max_total_wal_size: 0
2021/03/12-21:47:15.552686 4a40             Options.delete_obsolete_files_period_micros: 21600000000
2021/03/12-21:47:15.552691 4a40 Compression algorithms supported:
2021/03/12-21:47:15.552701 4a40 	Snappy supported: 0
2021/03/12-21:47:15.552705 4a40 	Zlib supported: 0
2021/03/12-21:47:15.552717 4a40 	Bzip supported: 0
2021/03/12-21:47:15.552723 4a40 	LZ4 supported: 0
2021/03/12-21:47:15.552727 4a40 	ZSTD supported: 0
2021/03/12-21:47:15.552737 4a40 Fast CRC32 supported: 0
2021/03/12-21:47:15.553914 4a40 Recovering from manifest file: MANIFEST-000021
2021/03/12-21:47:15.554306 4a40 --------------- Options for column family [default]:
2021/03/12-21:47:15.554325 4a40               Options.comparator: leveldb.BytewiseComparator
2021/03/12-21:47:15.554347 4a40           Options.merge_operator: None
2021/03/12-21:47:15.554354 4a40        Options.compaction_filter: None
2021/03/12-21:47:15.554362 4a40        Options.compaction_filter_factory: None
2021/03/12-21:47:15.554370 4a40         Options.memtable_factory: SkipListFactory
2021/03/12-21:47:15.554378 4a40            Options.table_factory: BlockBasedTable
2021/03/12-21:47:15.554436 4a40            table_factory options:   flush_block_policy_factory: FlushBlockBySizePolicyFactory (00000194C01DCAA0)
  cache_index_and_filter_blocks: 0
  cache_index_and_filter_blocks_with_high_priority: 0
  pin_l0_filter_and_index_blocks_in_cache: 0
  index_type: 0
  hash_index_allow_collision: 1
  checksum: 1
  no_block_cache: 0
  block_cache: 00000194BDECB830
  block_cache_name: LRUCache
  block_cache_options:
    capacity : 8388608
    num_shard_bits : 6
    strict_capacity_limit : 0
    high_pri_pool_ratio: 0.000
  block_cache_compressed: 0000000000000000
  persistent_cache: 0000000000000000
  block_size: 4096
  block_size_deviation: 10
  block_restart_interval: 16
  index_block_restart_interval: 1
  filter_policy: nullptr
  whole_key_filtering: 1
  skip_table_builder_flush: 0
  format_version: 2
2021/03/12-21:47:15.554444 4a40        Options.write_buffer_size: 67108864
2021/03/12-21:47:15.554448 4a40  Options.max_write_buffer_number: 2
2021/03/12-21:47:15.554453 4a40          Options.compression: NoCompression
2021/03/12-21:47:15.554457 4a40                  Options.bottommost_compression: Disabled
2021/03/12-21:47:15.554462 4a40       Options.prefix_extractor: nullptr
2021/03/12-21:47:15.554466 4a40   Options.memtable_insert_with_hint_prefix_extractor: nullptr
2021/03/12-21:47:15.554470 4a40             Options.num_levels: 7
2021/03/12-21:47:15.554475 4a40        Options.min_write_buffer_number_to_merge: 1
2021/03/12-21:47:15.554479 4a40     Options.max_write_buffer_number_to_maintain: 0
2021/03/12-21:47:15.554483 4a40            Options.compression_opts.window_bits: -14
2021/03/12-21:47:15.554488 4a40                  Options.compression_opts.level: -1
2021/03/12-21:47:15.554564 4a40               Options.compression_opts.strategy: 0
2021/03/12-21:47:15.554579 4a40         Options.compression_opts.max_dict_bytes: 0
2021/03/12-21:47:15.554599 4a40      Options.level0_file_num_compaction_trigger: 4
2021/03/12-21:47:15.554608 4a40          Options.level0_slowdown_writes_trigger: 20
2021/03/12-21:47:15.554614 4a40              Options.level0_stop_writes_trigger: 32
2021/03/12-21:47:15.554620 4a40                   Options.target_file_size_base: 67108864
2021/03/12-21:47:15.554629 4a40             Options.target_file_size_multiplier: 1
2021/03/12-21:47:15.554638 4a40                Options.max_bytes_for_level_base: 268435456
2021/03/12-21:47:15.554665 4a40 Options.level_compaction_dynamic_level_bytes: 0
2021/03/12-21:47:15.554674 4a40          Options.max_bytes_for_level_multiplier: 10.000000
2021/03/12-21:47:15.554699 4a40 Options.max_bytes_for_level_multiplier_addtl[0]: 1
2021/03/12-21:47:15.554708 4a40 Options.max_bytes_for_level_multiplier_addtl[1]: 1
2021/03/12-21:47:15.554715 4a40 Options.max_bytes_for_level_multiplier_addtl[2]: 1
2021/03/12-21:47:15.554724 4a40 Options.max_bytes_for_level_multiplier_addtl[3]: 1
2021/03/12-21:47:15.554735 4a40 Options.max_bytes_for_level_multiplier_addtl[4]: 1
2021/03/12-21:47:15.554747 4a40 Options.max_bytes_for_level_multiplier_addtl[5]: 1
2021/03/12-21:47:15.554758 4a40 Options.max_bytes_for_level_multiplier_addtl[6]: 1
2021/03/12-21:47:15.554770 4a40       Options.max_sequential_skip_in_iterations: 8
2021/03/12-21:47:15.554783 4a40                    Options.max_compaction_bytes: 1677721600
2021/03/12-21:47:15.554794 4a40                        Options.arena_block_size: 8388608
2021/03/12-21:47:15.554802 4a40   Options.soft_pending_compaction_bytes_limit: 68719476736
2021/03/12-21:47:15.554809 4a40   Options.hard_pending_compaction_bytes_limit: 274877906944
2021/03/12-21:47:15.554819 4a40       Options.rate_limit_delay_max_milliseconds: 1000
2021/03/12-21:47:15.554830 4a40                Options.disable_auto_compactions: 0
2021/03/12-21:47:15.554838 4a40           Options.verify_checksums_in_compaction: 1
2021/03/12-21:47:15.554843 4a40                         Options.compaction_style: 0
2021/03/12-21:47:15.554854 4a40                           Options.compaction_pri: 0
2021/03/12-21:47:15.554865 4a40  Options.compaction_options_universal.size_ratio: 1
2021/03/12-21:47:15.554873 4a40 Options.compaction_options_universal.min_merge_width: 2
2021/03/12-21:47:15.554881 4a40 Options.compaction_options_universal.max_merge_width: 4294967295
2021/03/12-21:47:15.554890 4a40 Options.compaction_options_universal.max_size_amplification_percent: 200
2021/03/12-21:47:15.554899 4a40 Options.compaction_options_universal.compression_size_percent: -1
2021/03/12-21:47:15.554908 4a40 Options.compaction_options_fifo.max_table_files_size: 1073741824
2021/03/12-21:47:15.554918 4a40                   Options.table_properties_collectors: 
2021/03/12-21:47:15.554926 4a40                   Options.inplace_update_support: 0
2021/03/12-21:47:15.554932 4a40                 Options.inplace_update_num_locks: 10000
2021/03/12-21:47:15.554939 4a40               Options.min_partial_merge_operands: 2
2021/03/12-21:47:15.554945 4a40               Options.memtable_prefix_bloom_size_ratio: 0.000000
2021/03/12-21:47:15.554953 4a40   Options.memtable_huge_page_size: 0
2021/03/12-21:47:15.554959 4a40                           Options.bloom_locality: 0
2021/03/12-21:47:15.554965 4a40                    Options.max_successive_merges: 0
2021/03/12-21:47:15.554972 4a40                Options.optimize_filters_for_hits: 0
2021/03/12-21:47:15.554978 4a40                Options.paranoid_file_checks: 0
2021/03/12-21:47:15.554985 4a40                Options.force_consistency_checks: 0
2021/03/12-21:47:15.554991 4a40                Options.report_bg_io_stats: 0
2021/03/12-21:47:15.557748 4a40 Recovered from manifest file:./rocksdb-data//MANIFEST-000021 succeeded,manifest_file_number is 21, next_file_number is 23, last_sequence is 15, log_number is 0,prev_log_number is 0,max_column_family is 0
2021/03/12-21:47:15.557778 4a40 Column family [default] (ID 0), log number is 16
2021/03/12-21:47:15.558141 4a40 EVENT_LOG_v1 {"time_micros": 1615556835558097, "job": 1, "event": "recovery_started", "log_files": [22]}
2021/03/12-21:47:15.558157 4a40 Recovering log #22 mode 2
2021/03/12-21:47:15.562178 4a40 EVENT_LOG_v1 {"time_micros": 1615556835562153, "cf_name": "default", "job": 1, "event": "table_file_creation", "file_number": 23, "file_size": 927, "table_properties": {"data_size": 60, "index_size": 27, "filter_size": 0, "raw_key_size": 30, "raw_average_key_size": 15, "raw_value_size": 11, "raw_average_value_size": 5, "num_data_blocks": 1, "num_entries": 2, "filter_policy_name": "", "kDeletedKeys": "1", "kMergeOperands": "0"}}
2021/03/12-21:47:15.562226 4a40 Creating manifest 24
2021/03/12-21:47:15.566899 4a40 EVENT_LOG_v1 {"time_micros": 1615556835566872, "job": 1, "event": "recovery_finished"}
2021/03/12-21:47:15.568245 4a40 [JOB 2] Tried to delete a non-existing file ./rocksdb-data///MANIFEST-000021 type=3 #21 -- IO error: Failed to delete: ./rocksdb-data///MANIFEST-000021: No such file or directory
2021/03/12-21:47:15.568321 4a40 [JOB 2] Tried to delete a non-existing file ./rocksdb-data//000022.log type=0 #22 -- IO error: Failed to delete: ./rocksdb-data//000022.log: No such file or directory
2021/03/12-21:47:15.573049 4a40 DB pointer 00000194C03A1660
2021/03/12-21:47:15.577383 4a40 Shutdown: canceling all background work
2021/03/12-21:47:15.580329 4a40 Shutdown complete
